             precision    recall  f1-score   support

         c0       0.35      0.20      0.25       540
         c1       0.14      0.01      0.03       495
         c2       0.21      0.37      0.27       487
         c3       1.00      0.00      0.01       460
         c4       0.00      0.00      0.00       467
         c5       0.11      0.01      0.01       433
         c6       0.13      0.02      0.03       463
         c7       0.14      0.15      0.14       405
         c8       0.22      0.33      0.26       437
         c9       0.09      0.43      0.15       459

avg / total       0.24      0.15      0.12      4646
