             precision    recall  f1-score   support

         c0       1.00      0.77      0.87       111
         c1       0.09      0.10      0.09       102
         c2       0.02      0.05      0.03       101
         c3       0.57      1.00      0.73       128
         c4       0.03      0.10      0.04       104
         c5       0.00      0.00      0.00       104
         c6       0.00      0.00      0.00       108
         c7       0.50      0.01      0.02       101
         c8       0.00      0.00      0.00        99
         c9       0.00      0.00      0.00       120

avg / total       0.23      0.22      0.19      1078
