c0       0.63      0.24      0.35       335
         c1       0.26      0.77      0.39       232
         c2       0.41      0.11      0.18       245
         c3       0.67      0.89      0.76       236
         c4       0.86      0.26      0.40       235
         c5       0.00      0.00      0.00       236
         c6       0.30      0.37      0.33       252
         c7       0.17      0.12      0.14       225
         c8       0.18      0.36      0.24       216
         c9       0.14      0.14      0.14       242

avg / total       0.37      0.32      0.30      2454

20 p no alignment: 

             precision    recall  f1-score   support

         c0       0.18      0.63      0.28       540
         c1       0.13      0.18      0.15       495
         c2       0.10      0.14      0.12       487
         c3       0.00      0.00      0.00       460
         c4       0.00      0.00      0.00       467
         c5       0.50      0.07      0.12       433
         c6       0.00      0.00      0.00       463
         c7       0.10      0.29      0.15       405
         c8       0.01      0.00      0.00       437
         c9       0.00      0.00      0.00       459

avg / total       0.10      0.14      0.08      4646